# pose.yaml file

shelf_id: 8
capture_time: 25.858000000
capture_side: left
x_robot: 6.77852760598
y_robot: 13.0079806294
yaw_robot: -0.0552745965503